7706113149744687610129377
7706113149744687610129376
7706113149744687610129375
7706113149744687610129374
7706113149744687610129373
7706113149744687610129372
7706113149744687610129371
7706113149744687610129370
7706113149744687610129369
7706113149744687610129368
7706113149744687610129367
7706113149744687610129366
7706113149744687610129365
7706113149744687610129364
7706113149744687610129363
7706113149744687610129362
7706113149744687610129361
7706113149744687610129360
7706113149744687610129359
7706113149744687610129358
7706113149744687610129357
7706113149744687610129356
7706113149744687610129355
7706113149744687610129354
7706113149744687610129353
7706113149744687610129352
7706113149744687610129351
7706113149744687610129350
7706113149744687610129349
7706113149744687610129348
7706113149744687610129347
7706113149744687610129346
7706113149744687610129345
7706113149744687610129344
7706113149744687610129343
7706113149744687610129342
7706113149744687610129341
7706113149744687610129340
7706113149744687610129339
7706113149744687610129338
7706113149744687610129337
7706113149744687610129336
7706113149744687610129335
7706113149744687610129334
7706113149744687610129333
7706113149744687610129332
7706113149744687610129331
7706113149744687610129330
7706113149744687610129329
7706113149744687610129328